a<-c(1,2,3,4,5)
b<-c(10,11)
